0.33390138133287206
0.904360444862489
0.1496027775562797
0.3313690192409279
0.9101921616969445
0.953568003565998
0.1815245641148362
0.42257615269207605
0.806252278239775
0.18562898195996613
0.0952591777455859
0.5284261010102649
0.5303669053784817
0.32140167708283385
0.8748831170122546
0.14708489032103778
0.641642502522261
0.6001583870546874
0.09816236416224144
0.1661204524932317
0.01680576420183888
0.9941589204475691
0.33627956800391734
0.7350446504411066
0.13864539796747355
0.9566625043971055
0.8213160477816953
0.9346195388190829
0.7672385579097861
0.13372486716748155
0.6769223976249433
0.9750929564131102
0.19638679437404782
0.1920012934675155
0.1658148073843997
0.4840257121164292
0.15214779167840942
0.7929232988880992
0.1942530386776734
0.5752856139891852
0.7633143358068091
0.42565634524842355
0.016684650530252365
0.4260914402481799
0.5744112895272373
0.228875580262333
0.336909965482703
0.938492908621948
0.4996105682872546
0.8665872709184335
0.9746034854829198
0.7472847975292491
0.3635205888825993
0.9210018148243547
0.902546866645229
0.8999478183668889
0.22919940915133186
0.45590197218155815
0.6946169615194397
0.4562082938285692
0.5303170069001901
0.22346711716327894
0.6233980502058682
0.43632297207433746
0.03350651927685666
0.2670343422344946
0.3724033387334459
0.15938246901363973
0.33065345907838606
0.29880602670649004
0.7972824175105654
0.7402539343983556
0.27909963327864107
0.23225753967487817
0.2616596721633869
0.8821143180009086
0.1576137719612808
0.3933834874608818
0.024590547416377007
0.16852779591652223
0.968938268635405
0.40233293158302663
0.20543331261700537
0.47344182608648655
0.9171689065463211
0.5288013889057392
0.5287346954579908
0.8297887287199072
0.09364798801520369
0.5605576567683938
0.18343384614343006
0.26078096231889303
0.3752137757333356
0.9705830274143443
0.43008323755513933
0.24595565353764293
0.9224707344108504
0.8573445627883791
0.21407779010444505
0.7947887564495706
